{
  "predictions": [
    6,
    1,
    9,
    2,
    4,
    1,
    2,
    8,
    0,
    0,
    5,
    8,
    0,
    9,
    0,
    5,
    0,
    5,
    0,
    1,
    6,
    6,
    8,
    7,
    9,
    8,
    5,
    3,
    1,
    4,
    0,
    7,
    6,
    1,
    4,
    7,
    2,
    4,
    9,
    8,
    4,
    0,
    8,
    1,
    5,
    9,
    6,
    3,
    1,
    5,
    9,
    8,
    9,
    7,
    9,
    0,
    5,
    3,
    7,
    3,
    0,
    4,
    1,
    6,
    1,
    5,
    3,
    4,
    6,
    4,
    9,
    1,
    5,
    7,
    4,
    4,
    2,
    3,
    3,
    3,
    2,
    2,
    2,
    4,
    2,
    4,
    4,
    9,
    5,
    7,
    6,
    5,
    1,
    5,
    0,
    4,
    9,
    2,
    9,
    0
  ],
  "true_labels": [
    6,
    1,
    9,
    2,
    9,
    1,
    2,
    8,
    0,
    0,
    5,
    8,
    4,
    9,
    0,
    5,
    0,
    9,
    0,
    1,
    6,
    5,
    8,
    7,
    9,
    7,
    5,
    3,
    0,
    4,
    2,
    7,
    6,
    8,
    3,
    7,
    2,
    4,
    5,
    8,
    4,
    4,
    8,
    1,
    5,
    9,
    6,
    3,
    1,
    5,
    1,
    8,
    9,
    2,
    9,
    8,
    5,
    3,
    7,
    3,
    0,
    4,
    1,
    2,
    1,
    5,
    3,
    4,
    0,
    4,
    9,
    4,
    5,
    1,
    4,
    3,
    2,
    3,
    3,
    7,
    2,
    2,
    0,
    4,
    3,
    4,
    4,
    3,
    0,
    7,
    6,
    1,
    7,
    5,
    0,
    4,
    9,
    2,
    9,
    7
  ],
  "confidences": [
    [
      0.05951221977887379,
      0.13709988528905154,
      0.0419078967122526,
      0.08546788967648405,
      0.1259049222245775,
      0.04138451939604991,
      0.28242097890979584,
      0.06633661323586872,
      0.1114025471587431,
      0.04856252761830273
    ],
    [
      0.02987265482524157,
      0.2880128167814173,
      0.01975750763537869,
      0.04356085376031325,
      0.04122034024738624,
      0.06599110367788019,
      0.2507623846672287,
      0.11084070455138538,
      0.05837540362238519,
      0.09160623023138335
    ],
    [
      0.10527147336348043,
      0.13308871811477468,
      0.013411283927505555,
      0.02649622281130967,
      0.15433350355067563,
      0.04393038250565366,
      0.11470313995553547,
      0.15033735011060573,
      0.0443934273992576,
      0.21403449826120147
    ],
    [
      0.10080500350612394,
      0.044646196809728464,
      0.24379191725907373,
      0.2134357625537249,
      0.08243934145999786,
      0.06060296092285035,
      0.06472902218610742,
      0.10048230637958055,
      0.03820440724740022,
      0.050863081675412466
    ],
    [
      0.07232526097586435,
      0.04432090682641015,
      0.02608361598719242,
      0.03772512944578478,
      0.31963400369713396,
      0.0835246768176232,
      0.06322010409251945,
      0.05849200684842522,
      0.0931595687036888,
      0.2015147266053577
    ],
    [
      0.05000637506029475,
      0.257343699017985,
      0.05405410240452353,
      0.061942172013776955,
      0.15052236210718017,
      0.030423040114879372,
      0.04363890371458961,
      0.21886792010100625,
      0.040364755496049134,
      0.09283666996971526
    ],
    [
      0.038365271818933906,
      0.0572673525132165,
      0.30324435761804175,
      0.07480536979522956,
      0.08306927724568834,
      0.01755687024217772,
      0.07788530678477054,
      0.14171342795585615,
      0.0798591863526888,
      0.12623357967339674
    ],
    [
      0.16780751285046247,
      0.1747643314918813,
      0.0759474068380561,
      0.02251281812186464,
      0.09357844987348264,
      0.10460557217817312,
      0.07279204816261142,
      0.04414236174028804,
      0.19327435983816818,
      0.050575138905012106
    ],
    [
      0.3368118055672737,
      0.027934265968566293,
      0.12934267704498606,
      0.05972652854553662,
      0.11130499800075243,
      0.045367993925711406,
      0.11398321276245585,
      0.029012502003084154,
      0.04300288299404589,
      0.10351313318758763
    ],
    [
      0.23514578758253868,
      0.10292917232822821,
      0.23005997948405296,
      0.11843700622423196,
      0.01844448800115846,
      0.024795679324469605,
      0.10619339899081245,
      0.07801638328096933,
      0.052945554734048966,
      0.033032550049489615
    ],
    [
      0.0970306025537037,
      0.12324075116220695,
      0.04132326299102158,
      0.14283829191832673,
      0.05605664315835548,
      0.23116365853398896,
      0.08617197402725091,
      0.018352008131544535,
      0.007252887491131134,
      0.19656992003246998
    ],
    [
      0.044513011982373396,
      0.0777086125670806,
      0.17063044063600113,
      0.03140042409396022,
      0.017646401759651507,
      0.04863420785960062,
      0.1919041029639501,
      0.017341475415468148,
      0.23942915697507533,
      0.1607921657468389
    ],
    [
      0.23428327528440668,
      0.08521857940855189,
      0.063273305102663,
      0.12498461655548827,
      0.1455134402721221,
      0.06706657115846656,
      0.04547823125625249,
      0.08145604165753689,
      0.11685906583094433,
      0.035866873473567575
    ],
    [
      0.024859561864052995,
      0.05114515465837501,
      0.15215486802526385,
      0.15703877891317625,
      0.10552695089968189,
      0.040745094641010324,
      0.05252099422601412,
      0.08257201178774368,
      0.09178390417654131,
      0.24165268080814062
    ],
    [
      0.3010652505617358,
      0.003660356884197292,
      0.07048686343662343,
      0.05343677608500232,
      0.14759812820001228,
      0.020877645009658503,
      0.1606863251268166,
      0.056681899601082546,
      0.09023869508740431,
      0.09526806000746695
    ],
    [
      0.08734480250403105,
      0.04262170757127497,
      0.07096380673492243,
      0.13307329708633076,
      0.04100406743311436,
      0.19770827745177733,
      0.15009026673316356,
      0.16888671483046896,
      0.04767842634437079,
      0.06062863331054576
    ],
    [
      0.2599346203187622,
      0.038768502381682904,
      0.08395075006159818,
      0.10802514276555414,
      0.1463895489267253,
      0.030846435905441814,
      0.04449315905031715,
      0.034234522937946064,
      0.20885938249043295,
      0.044497935161539416
    ],
    [
      0.07269414204990678,
      0.02262875009907574,
      0.010677859793427719,
      0.10770446016461474,
      0.139325935538851,
      0.2170231921573804,
      0.07774411550571277,
      0.06562841461457755,
      0.10267369270593725,
      0.18389943737051603
    ],
    [
      0.25549480367738214,
      0.2013378168792528,
      0.17016836162637225,
      0.09315877309413093,
      0.032000572613486815,
      0.03485004925922777,
      0.07740718748238663,
      0.04914497571907286,
      0.04872363405424416,
      0.03771382559444384
    ],
    [
      0.09740641096701183,
      0.18292308426505322,
      0.17212462154059444,
      0.0773650808220246,
      0.005645893830714089,
      0.1309802589170187,
      0.08504606772250005,
      0.06575673969380849,
      0.11655856387471496,
      0.06619327836655967
    ],
    [
      0.0633524341638041,
      0.19084686181613908,
      0.03314243590312384,
      0.13360464682934434,
      0.055677057191125354,
      0.018232106795667124,
      0.2692383356153858,
      0.05565221666934372,
      0.06327938290358934,
      0.11697452211247729
    ],
    [
      0.06642721941338776,
      0.07576277520973977,
      0.06938450632682944,
      0.053195218942231635,
      0.051060772003578656,
      0.17456103960651162,
      0.20493859243718227,
      0.12549046490678414,
      0.10435494383794054,
      0.07482446731581403
    ],
    [
      0.022038780162833085,
      0.09215418087846658,
      0.0403445825317638,
      0.007308206899607417,
      0.06320751129377508,
      0.24048667209565797,
      0.13004918972951732,
      0.009719142853286658,
      0.3724621769387112,
      0.022229556616381003
    ],
    [
      0.027454028278487676,
      0.0926781187790557,
      0.04326241513654083,
      0.07375412646402356,
      0.0400753567537793,
      0.055038211600070795,
      0.15237172908391863,
      0.31254069273962487,
      0.1519766113142425,
      0.05084870985025619
    ],
    [
      0.09993440976454604,
      0.09727212180679025,
      0.04463605266704811,
      0.016323507724655476,
      0.22180005149310242,
      0.02506408416714728,
      0.11447058643253297,
      0.09105450971245878,
      0.038340216006488036,
      0.25110446022523053
    ],
    [
      0.10137978437754681,
      0.11316235585477152,
      0.04259716840261047,
      0.038585964353387465,
      0.1226191757961051,
      0.012048743139252383,
      0.10280992080787572,
      0.21244590852062156,
      0.2400416878389908,
      0.014309290908838222
    ],
    [
      0.06222255855572412,
      0.08281400377334903,
      0.0795272867245874,
      0.12684707183457603,
      0.03666857409802042,
      0.22283438992947482,
      0.14736872788025962,
      0.07382532510916096,
      0.1298165778662713,
      0.038075484228576206
    ],
    [
      0.10431561241612977,
      0.17359581871338597,
      0.02110455142832495,
      0.19089813225070298,
      0.10733119241289776,
      0.07351639442604069,
      0.1148597839460747,
      0.027294842970977375,
      0.037703453821826514,
      0.1493802176136392
    ],
    [
      0.22524941603847776,
      0.2760693336423985,
      0.1154935319689902,
      0.09218798179195935,
      0.05274584761042491,
      0.024583790879397438,
      0.03882168309099587,
      0.03859138194021666,
      0.10627596415524597,
      0.029981068881893298
    ],
    [
      0.15248656629696708,
      0.06887430050290172,
      0.09718095923774517,
      0.019839345362483468,
      0.2948855934166986,
      0.019302147253508352,
      0.009212059606671048,
      0.28100074455975904,
      0.04382717265951382,
      0.013391111103751694
    ],
    [
      0.3192764363203529,
      0.07765085317621415,
      0.2167540869571809,
      0.11220048054395305,
      0.017773957486094956,
      0.08911129311066233,
      0.0320774287558016,
      0.03424113550809849,
      0.033473880692957605,
      0.06744044744868387
    ],
    [
      0.05085670339918759,
      0.048930602407412205,
      0.023460687323967562,
      0.150913875069364,
      0.10521195959025091,
      0.07806713055552025,
      0.11216408702589603,
      0.1619870775426025,
      0.13236285425716846,
      0.1360450228286306
    ],
    [
      0.09436481245678904,
      0.05787670470355841,
      0.07441386720114299,
      0.021552406553414043,
      0.13172952836821572,
      0.07891131967465023,
      0.26071870597826996,
      0.09020364443362079,
      0.03247777940864139,
      0.15775123122169746
    ],
    [
      0.13978062840364472,
      0.15810076561042063,
      0.08601749919835494,
      0.0292693547595491,
      0.07933018254389514,
      0.05939291602868915,
      0.12655246683692944,
      0.06430215746182581,
      0.15124105441531127,
      0.10601297474137972
    ],
    [
      0.067006944239269,
      0.03845952743110294,
      0.05054838315890416,
      0.19448122891883105,
      0.23163481934323013,
      0.06485126718377562,
      0.09683551398131639,
      0.09903488153656642,
      0.010881746809151941,
      0.14626568739785237
    ],
    [
      0.15394428869007903,
      0.10654011455977366,
      0.1603266558908396,
      0.13214850068356465,
      0.07055567516151161,
      0.041756663732804816,
      0.0079484468642375,
      0.2131313421770053,
      0.055931601707767856,
      0.0577167105324159
    ],
    [
      0.006573684637391484,
      0.13758019348228795,
      0.22656056469277994,
      0.1535498521450236,
      0.06873206057597801,
      0.07236617227621515,
      0.11016919906378532,
      0.06310322112509775,
      0.12282862880951606,
      0.03853642319192469
    ],
    [
      0.15812272917152997,
      0.060374344092138196,
      0.05466721917688764,
      0.09793158002969397,
      0.3404126414764536,
      0.02603976534138987,
      0.04873414905176402,
      0.09134688152888268,
      0.013415358534700857,
      0.10895533159655918
    ],
    [
      0.04132277863078446,
      0.0152097151436789,
      0.0765614070379733,
      0.10813220414289917,
      0.042748568083258415,
      0.24382157370598725,
      0.024492567986453318,
      0.09334994389653367,
      0.05322320490916698,
      0.30113803646326454
    ],
    [
      0.07894441627798104,
      0.07491955466520972,
      0.04416321640776287,
      0.04292153865780143,
      0.05601507686302216,
      0.05356358552259725,
      0.10513898779445985,
      0.0768831002377759,
      0.3576658465232583,
      0.10978467705013137
    ],
    [
      0.02810919260240115,
      0.16340687789781494,
      0.10409267443670663,
      0.057304108256495755,
      0.26648168832513514,
      0.08592576658732919,
      0.04743747049925672,
      0.07557956718755503,
      0.06779259522630114,
      0.10387005898100442
    ],
    [
      0.21619427847811348,
      0.08860171606898033,
      0.10479410387354267,
      0.057740606138583325,
      0.17320383031681297,
      0.052148864926558174,
      0.08550397259690175,
      0.10178275227567776,
      0.050071052732079166,
      0.06995882259275028
    ],
    [
      0.1209332403829526,
      0.05773734962907137,
      0.10516766778367963,
      0.05460856506120624,
      0.1394893006367127,
      0.08101159909510314,
      0.04852100860969934,
      0.07220293371067539,
      0.2931745925269011,
      0.02715374256399856
    ],
    [
      0.10541840875804379,
      0.21863549909505445,
      0.09596428080127127,
      0.17454115494903477,
      0.10796974348118996,
      0.09955743213312611,
      0.03927808988770216,
      0.03990801107241596,
      0.07461964215901568,
      0.04410773766314573
    ],
    [
      0.05047820567692519,
      0.1580029970776538,
      0.12410252557640801,
      0.03834756541199733,
      0.0874650802359181,
      0.267067528439539,
      0.031258938522286554,
      0.07611090466895191,
      0.09268252484937943,
      0.07448372954094079
    ],
    [
      0.04556125675093343,
      0.037948481075465314,
      0.03960514244487389,
      0.18063926838939975,
      0.07446123016676265,
      0.035124493803412836,
      0.12011511415083578,
      0.06233567682015777,
      0.11031021076190181,
      0.2938991256362568
    ],
    [
      0.048147837767377466,
      0.021652955533275342,
      0.16799313879209657,
      0.06510040033471097,
      0.038867855978050404,
      0.10639997117762826,
      0.25393829783906086,
      0.16140391306869908,
      0.06000252884905274,
      0.07649310066004834
    ],
    [
      0.06182344583531996,
      0.05084222950887335,
      0.1079930473330909,
      0.19284249120209293,
      0.14545705010120072,
      0.08356947213003478,
      0.0708757051261749,
      0.05714865076102872,
      0.12890255172473086,
      0.10054535627745276
    ],
    [
      0.059821903748848486,
      0.35368766859802164,
      0.1547031147459073,
      0.08588360055943388,
      0.08644923912905517,
      0.10129359920776258,
      0.020311333133945262,
      0.05113792372443673,
      0.04902012170334501,
      0.03769149544924388
    ],
    [
      0.043602397087375025,
      0.04591114648639003,
      0.08995269817090183,
      0.055855071364489965,
      0.09024692118442536,
      0.2597774496050556,
      0.10148135164638214,
      0.06939711113773472,
      0.1957053691683867,
      0.04807048414885862
    ],
    [
      0.10003659713439576,
      0.08921691604742116,
      0.05990194224570331,
      0.06360051289779214,
      0.08559042426369207,
      0.09392707988840858,
      0.07445616916635851,
      0.11056714738758265,
      0.11695831690959825,
      0.2057448940590474
    ],
    [
      0.06150527575437303,
      0.04978477396777002,
      0.1421660931561802,
      0.06801252199533742,
      0.05860920691274923,
      0.1463789015492543,
      0.1615469131231724,
      0.01830572762122621,
      0.28709007270158443,
      0.006600513218352673
    ],
    [
      0.06071503850024297,
      0.1728822773577854,
      0.06488758891254197,
      0.020335278942076346,
      0.12234739914758878,
      0.005009330541976927,
      0.1459367019707279,
      0.06475263779191098,
      0.02021531816681378,
      0.32291842866833487
    ],
    [
      0.05369925592827454,
      0.12520246956817196,
      0.12988328221328607,
      0.11609812208500431,
      0.06790323718051988,
      0.050252142011454906,
      0.09872698772462485,
      0.1937920294727892,
      0.15670200968780978,
      0.0077404641280646
    ],
    [
      0.057736801381444866,
      0.03167518212840954,
      0.016691090170903734,
      0.1116212697126488,
      0.11645727657547217,
      0.1575551984697556,
      0.06954150338230174,
      0.03013220184783175,
      0.07943836703761434,
      0.32915110929361757
    ],
    [
      0.19363091641437993,
      0.1006486108936063,
      0.03806784558441684,
      0.14562736090691408,
      0.15743423057171108,
      0.0929749260202064,
      0.04753052500145738,
      0.027205914425901003,
      0.15832121071804794,
      0.038558459463359035
    ],
    [
      0.15612850097182424,
      0.03938443545962102,
      0.12366809655840588,
      0.01755909224412242,
      0.08444966314104393,
      0.3276933249099158,
      0.19001588683456602,
      0.03076794319791461,
      0.021344227109465923,
      0.008988829573120055
    ],
    [
      0.12687538670033338,
      0.0840947878060826,
      0.056668464641502624,
      0.32120251066700106,
      0.14103718211620891,
      0.03682852559246962,
      0.020557756731772063,
      0.010578110356154675,
      0.105266274272333,
      0.09689100111614209
    ],
    [
      0.07959110381667717,
      0.047159759922355694,
      0.11828678228199739,
      0.060210879438599374,
      0.054632073584115655,
      0.09448711354766866,
      0.14246832729372552,
      0.1888621016818537,
      0.10772193342714932,
      0.10657992500585761
    ],
    [
      0.03188135899384216,
      0.05885259290190438,
      0.10329122998372042,
      0.26598648105841305,
      0.12985347970153133,
      0.08565038652009797,
      0.06859862102560427,
      0.023312812314203582,
      0.10156652682841917,
      0.13100651067226368
    ],
    [
      0.29890242720434496,
      0.017895405339079736,
      0.15331558484140828,
      0.03167598921105013,
      0.06881783866491345,
      0.05334830561861478,
      0.027596520466523593,
      0.15009059879432862,
      0.13932428030968247,
      0.059033049550053986
    ],
    [
      0.0428649778899731,
      0.03942216516071509,
      0.17306083597153493,
      0.03148060330583876,
      0.23424591723970176,
      0.06634516421763384,
      0.08168221011864238,
      0.20036697099186251,
      0.03751731328628852,
      0.09301384181780922
    ],
    [
      0.028167476262036258,
      0.29172960530279907,
      0.03521341420508057,
      0.19907620758466443,
      0.03166349672860256,
      0.1257958056887163,
      0.1457074972348386,
      0.0738511241894178,
      0.02961599227376101,
      0.03917938053008343
    ],
    [
      0.036232334253440926,
      0.05942442243902619,
      0.16403926960313128,
      0.04382263041338168,
      0.15924817727171708,
      0.13339962289807736,
      0.20668930345608327,
      0.10635008655702158,
      0.03798288387825212,
      0.05281126922986852
    ],
    [
      0.22999893235636348,
      0.26433397709868334,
      0.06192011620374296,
      0.012268938264718829,
      0.04906135178980916,
      0.055979664015865294,
      0.020467793788750296,
      0.1381567815362728,
      0.1317262594325705,
      0.03608618551322356
    ],
    [
      0.03255184652771029,
      0.1261640735744538,
      0.08518478066878252,
      0.03746773995365108,
      0.022126288611793613,
      0.24497993246422287,
      0.1179673890845308,
      0.12169303557601194,
      0.1336366377734046,
      0.07822827576543848
    ],
    [
      0.057787525268022076,
      0.032438803436416835,
      0.20007377577872307,
      0.29371769471859893,
      0.15307588811806042,
      0.040823773596750886,
      0.0345978925016161,
      0.10858289830853035,
      0.031262900316026306,
      0.047638847957255134
    ],
    [
      0.04614078986579693,
      0.04543441775310973,
      0.06510177768796176,
      0.13276646710530113,
      0.21734896727298356,
      0.026164944416772692,
      0.18023924165632346,
      0.1759647991087025,
      0.026193177483201786,
      0.08464541764984655
    ],
    [
      0.15410015085682272,
      0.08940081106234325,
      0.1148154594656685,
      0.1508406370040462,
      0.07488403236855652,
      0.12101219366065764,
      0.22333426853838023,
      0.012415809279238263,
      0.025554197211260402,
      0.03364244055302631
    ],
    [
      0.05542088996632439,
      0.026491706128504714,
      0.14828691872541477,
      0.0834316520843539,
      0.29628618539810897,
      0.1010629289271817,
      0.0616606227213,
      0.06830220886901721,
      0.06988742847790792,
      0.08916945870188626
    ],
    [
      0.04022709743576284,
      0.09941620374773208,
      0.0660234406390572,
      0.03991563152408597,
      0.12448443484889127,
      0.0320362243539077,
      0.07764382065343146,
      0.17731666408090727,
      0.13130270248899578,
      0.21163378022722834
    ],
    [
      0.022918559689813937,
      0.3477492890711621,
      0.04026069725144987,
      0.06299269015857659,
      0.19904286406014896,
      0.056124324752405565,
      0.06404618293295916,
      0.09123674848670726,
      0.07617428542332266,
      0.03945435817345382
    ],
    [
      0.11866842370505293,
      0.034252760102804654,
      0.05993293900415341,
      0.10799089939833775,
      0.10893148789921642,
      0.18021349475720255,
      0.08631511330077153,
      0.1723451605376142,
      0.0816427286934692,
      0.04970699260137735
    ],
    [
      0.14002348028584782,
      0.18158241688387655,
      0.050238551956192985,
      0.14529429269768276,
      0.03387221205688181,
      0.021752693415244648,
      0.09148161961824465,
      0.2184807324321076,
      0.009098888842262556,
      0.10817511181165866
    ],
    [
      0.060760525114972354,
      0.030149762650563273,
      0.06615730981109214,
      0.08285688381050274,
      0.2478745727056588,
      0.12365807440978639,
      0.14581489662771652,
      0.018879904549803997,
      0.04623541715419544,
      0.1776126531657082
    ],
    [
      0.11934659892587901,
      0.0961638211209092,
      0.05461317568142586,
      0.1406451191615522,
      0.16273889067982772,
      0.08193260385571786,
      0.1587180072288182,
      0.09325581242902083,
      0.05318685700666198,
      0.03939911391018716
    ],
    [
      0.09583847546242158,
      0.043998709861241506,
      0.26988265645073395,
      0.029146868959222992,
      0.09520558285063319,
      0.12099154211018393,
      0.0484724554068495,
      0.172029458404426,
      0.04297043315534112,
      0.08146381733894625
    ],
    [
      0.022962108984440954,
      0.05393533853236341,
      0.026255495417425806,
      0.2789469850702695,
      0.051106658629541515,
      0.08690997952716639,
      0.036002991735501616,
      0.11784120892554037,
      0.09362080790656051,
      0.2324184252711899
    ],
    [
      0.06720929859116616,
      0.011213022437284515,
      0.06532342074671636,
      0.3169895815842501,
      0.038895204131810183,
      0.11360924302777516,
      0.15514914735742236,
      0.1396212977434479,
      0.04782555889328499,
      0.044164225486842214
    ],
    [
      0.158444887036823,
      0.03590380899352906,
      0.0917377893448691,
      0.25705359211449563,
      0.08042020852904978,
      0.07446329768012615,
      0.06591252145090663,
      0.13315557449300625,
      0.0438432822800944,
      0.05906503807710001
    ],
    [
      0.07633645177977251,
      0.029061099104354844,
      0.2871983033993828,
      0.11982843599441594,
      0.027287604932422313,
      0.08764186651754438,
      0.058855914721243525,
      0.12281448256415488,
      0.13210934151063017,
      0.058866499476078776
    ],
    [
      0.11511606128569153,
      0.06288517698669817,
      0.22289551930060336,
      0.0871788884618605,
      0.022179921041198165,
      0.13654029247853164,
      0.10995698007861875,
      0.09167744108973548,
      0.04952178108155058,
      0.10204793819551165
    ],
    [
      0.1878555428939649,
      0.08394303978092138,
      0.2125158410390414,
      0.016157216736829697,
      0.1121040635713752,
      0.16406577931203867,
      0.10031231471131757,
      0.0505379341612854,
      0.017007586914093542,
      0.05550068087913217
    ],
    [
      0.03427920911319916,
      0.18385876448434277,
      0.1181062459819439,
      0.03350766258531735,
      0.19677545241165137,
      0.0720484792402568,
      0.10368081714724067,
      0.009783016465685442,
      0.12044536401116873,
      0.12751498855919385
    ],
    [
      0.09825109834699311,
      0.0077294005655797185,
      0.1942454233927041,
      0.17693726904952162,
      0.08984207406567606,
      0.18566228716630606,
      0.03601817765343764,
      0.09221248152272017,
      0.029900444932235808,
      0.08920134330482571
    ],
    [
      0.11045619449348433,
      0.05801918227673274,
      0.12093790096101786,
      0.05617377155155546,
      0.22341778525302383,
      0.1022101425941585,
      0.024365654766831953,
      0.0820708292090491,
      0.11632150269946089,
      0.10602703619468543
    ],
    [
      0.0816332366174289,
      0.11165069351488183,
      0.06797211795492311,
      0.02833552121488866,
      0.2989195059738882,
      0.14573198443759794,
      0.05386902327359518,
      0.023486749115586233,
      0.09334584930587621,
      0.09505531859133379
    ],
    [
      0.07332059404692055,
      0.060331857502942315,
      0.0949404072441797,
      0.11094685326551207,
      0.05591455647647576,
      0.008923048714617887,
      0.20067581316753372,
      0.14689970980661046,
      0.02879803270204221,
      0.21924912707316535
    ],
    [
      0.15294997484698752,
      0.025246074728370736,
      0.031828248945209074,
      0.10588152438038466,
      0.029767584914618884,
      0.24915860754540123,
      0.08874692522045913,
      0.14362202113337888,
      0.029600376414724627,
      0.14319866187046526
    ],
    [
      0.09787343146333094,
      0.03729528649250911,
      0.1718937565651761,
      0.1236016288420539,
      0.012381542109507341,
      0.047469450139682325,
      0.11249783807509596,
      0.194211131715203,
      0.08287831537760444,
      0.119897619219837
    ],
    [
      0.04067075050583179,
      0.11641697571262967,
      0.02320918265404535,
      0.18212124623135958,
      0.02141832244867955,
      0.08482228111599177,
      0.2710633898867084,
      0.04911542169582083,
      0.10452471764105867,
      0.10663771210787441
    ],
    [
      0.10591469828061552,
      0.12013818401467811,
      0.04864343378341942,
      0.08355269758888488,
      0.03893324461222384,
      0.17749982202651457,
      0.13848609922974,
      0.05511300332121877,
      0.07277321467079757,
      0.15894560247190717
    ],
    [
      0.05274378969141946,
      0.1489281320102642,
      0.06766846986677157,
      0.05338045874809917,
      0.07867525533346419,
      0.10753260020521457,
      0.13652755123043447,
      0.12668625649266224,
      0.0874255908781814,
      0.14043189554348884
    ],
    [
      0.12211955001514592,
      0.028616856029556582,
      0.09990899429085495,
      0.03414302338200042,
      0.025163058203769736,
      0.40643008804039654,
      0.05797479242188839,
      0.11677338639570675,
      0.07806456556150072,
      0.030805685659180033
    ],
    [
      0.19307974088867033,
      0.1664242231114301,
      0.11033097592651173,
      0.08021055516422974,
      0.056265590556143455,
      0.0649037225110302,
      0.062230570846973254,
      0.13329526137952333,
      0.09750916856209713,
      0.035750191053390785
    ],
    [
      0.1149026526390012,
      0.10545273127473616,
      0.11563676759962618,
      0.12179688252793915,
      0.15642034372341077,
      0.04925561369968583,
      0.09350695220684614,
      0.019351212998696292,
      0.10305236003648025,
      0.1206244832935781
    ],
    [
      0.043202234146380365,
      0.11560305528725835,
      0.1184594830529005,
      0.06616478831162662,
      0.14557708274849598,
      0.028599363405172395,
      0.13486757868224805,
      0.13482153416562262,
      0.01132327432517563,
      0.20138160587511955
    ],
    [
      0.07405975149894255,
      0.027543423121625915,
      0.25519388384293323,
      0.11432495257814233,
      0.09014950075874414,
      0.11118228759298382,
      0.04702663633154866,
      0.09788554068673092,
      0.12928748688329744,
      0.053346536705051066
    ],
    [
      0.22054947869817154,
      0.060166228399113945,
      0.029900621123167864,
      0.09889161156833505,
      0.05437458384004224,
      0.06997965203585993,
      0.02173988989676564,
      0.10818814703556609,
      0.047493767232731555,
      0.2887160201702462
    ],
    [
      0.4214822903342701,
      0.014736720646437723,
      0.05727336438847971,
      0.034539431815673594,
      0.008846445160241318,
      0.17364798696337821,
      0.03044903453880645,
      0.13491717691526497,
      0.022815794044686973,
      0.10129175519276094
    ]
  ]
}