{
  "predictions": [
    4,
    2,
    7,
    4,
    3,
    5,
    8,
    8,
    0,
    3,
    3,
    7,
    2,
    8,
    5,
    3,
    2,
    1,
    5,
    7,
    9,
    6,
    4,
    4,
    7,
    0,
    1,
    4,
    7,
    4,
    3,
    2,
    7,
    6,
    9,
    9,
    2,
    8,
    9,
    6,
    5,
    3,
    6,
    7,
    3,
    6,
    1,
    3,
    4,
    2,
    4,
    3,
    4,
    0,
    3,
    6,
    2,
    1,
    0,
    2,
    3,
    8,
    0,
    6,
    7,
    9,
    2,
    8,
    1,
    7,
    3,
    1,
    1,
    8,
    8,
    3,
    7,
    6,
    5,
    4,
    0,
    7,
    7,
    5,
    8,
    9,
    8,
    3,
    4,
    3,
    3,
    6,
    5,
    7,
    2,
    8,
    7,
    9,
    2,
    4
  ],
  "true_labels": [
    4,
    2,
    7,
    4,
    3,
    5,
    8,
    8,
    0,
    3,
    3,
    7,
    2,
    8,
    5,
    3,
    2,
    1,
    5,
    7,
    9,
    6,
    4,
    4,
    7,
    0,
    1,
    4,
    7,
    4,
    3,
    2,
    7,
    6,
    9,
    9,
    2,
    8,
    9,
    6,
    5,
    3,
    6,
    7,
    3,
    6,
    1,
    3,
    4,
    2,
    4,
    3,
    4,
    6,
    3,
    6,
    2,
    1,
    0,
    2,
    3,
    8,
    0,
    6,
    7,
    9,
    2,
    8,
    1,
    7,
    3,
    1,
    1,
    8,
    8,
    3,
    7,
    6,
    5,
    4,
    0,
    7,
    7,
    5,
    8,
    9,
    8,
    3,
    4,
    3,
    3,
    6,
    5,
    7,
    2,
    8,
    7,
    9,
    2,
    4
  ],
  "confidences": [
    [
      0.021710191180460747,
      0.061857223610128104,
      0.06959619467804949,
      0.03789073991057708,
      0.4203363486260767,
      0.059873124154211074,
      0.015491765641801878,
      0.08081751440909786,
      0.012311317238379449,
      0.2201155805512175
    ],
    [
      0.050862487076253814,
      0.06331387808692779,
      0.35844906162743406,
      0.06570143156673797,
      0.12888790527660082,
      0.05645587747236658,
      0.10047374613592525,
      0.011303375437249156,
      0.12186360060569788,
      0.04268863671480669
    ],
    [
      0.07141117827689963,
      0.07247092098078853,
      0.031576716331624045,
      0.13336636584771447,
      0.03139533703351914,
      0.15979143241421348,
      0.11380782884750898,
      0.27949886838798277,
      0.039342775258956346,
      0.06733857662079257
    ],
    [
      0.041386145468694076,
      0.04168209914681019,
      0.011623322213799062,
      0.24054618754204402,
      0.289358638963976,
      0.04956548107325919,
      0.04362404361171092,
      0.06263458846972447,
      0.04853694298730623,
      0.1710425505226758
    ],
    [
      0.05624677877878851,
      0.15474946913663998,
      0.0053259134299334454,
      0.40920509786648995,
      0.07116964372293594,
      0.04238549447642291,
      0.03688487858698842,
      0.04560095409239008,
      0.15619609608523358,
      0.022235673824177286
    ],
    [
      0.1381880578419318,
      0.03698449333930334,
      0.07221352486177923,
      0.09419736175322506,
      0.038993312534459694,
      0.30879020821706693,
      0.13161532768059364,
      0.05294280015278153,
      0.05894128708882769,
      0.06713362653003094
    ],
    [
      0.030256843607471943,
      0.018205592494992193,
      0.05464567256648669,
      0.030712717320750125,
      0.13210665080325473,
      0.06897143066169262,
      0.09947814361498174,
      0.002448205078517524,
      0.3140638013734934,
      0.2491109424783592
    ],
    [
      0.10872132413820472,
      0.11572267673109533,
      0.05115405548140719,
      0.05663444987933635,
      0.15941090501517197,
      0.04389051153405251,
      0.00046184443279083994,
      0.15102987797525896,
      0.24823690397303222,
      0.0647374508396499
    ],
    [
      0.34185309538967107,
      0.03781326033254945,
      0.08883459260324031,
      0.02665883421093897,
      0.007768238006891557,
      0.08173946682273064,
      0.05997782685777244,
      0.11315856982610749,
      0.12355235633085139,
      0.11864375961924675
    ],
    [
      0.0462251804993849,
      0.20966531989943993,
      0.015564469846818477,
      0.33602660759303954,
      0.01184504564829236,
      0.21247831532652653,
      0.06879901161548911,
      0.04481135636678512,
      0.022313524948080674,
      0.032271168256143595
    ],
    [
      0.019904857034527126,
      0.052131467471447326,
      0.1268329916273058,
      0.40758721587988744,
      0.04433453677969532,
      0.07870071412011134,
      0.055113344322535465,
      0.06995353803095374,
      0.006781163069754322,
      0.13866017166378206
    ],
    [
      0.15614576592821328,
      0.03245455816253556,
      0.11689236268408942,
      0.10986759681005588,
      0.04972498295363446,
      0.025401750639125815,
      0.02030889237075248,
      0.26525905490441654,
      0.021075890321797443,
      0.202869145225379
    ],
    [
      0.05812559991553191,
      0.03804945615935054,
      0.41909946689154365,
      0.10993493293269892,
      0.05130861566553373,
      0.08994660102281349,
      0.03683641826091695,
      0.1233816264592792,
      0.04937520399015854,
      0.023942078702173075
    ],
    [
      0.027457740885138318,
      0.055985814976124086,
      0.04539327187637287,
      0.10715016505848007,
      0.15275712548733242,
      0.12780965336965425,
      0.007204575093474735,
      0.076419628030386,
      0.3506521150768137,
      0.04916991014622372
    ],
    [
      0.04248621338078459,
      0.09824218246654232,
      0.10956411769676679,
      0.13005134492316145,
      0.07142135628989957,
      0.3301298181282678,
      0.0401312665532483,
      0.0800369271639523,
      0.047044583216201766,
      0.05089219018117529
    ],
    [
      0.06569641626089001,
      0.16585054018793996,
      0.14669799923788235,
      0.315047114592128,
      0.020798491750083265,
      0.052342723146600045,
      0.15352239672555637,
      0.03429859296178428,
      0.01181614016983269,
      0.0339295849673028
    ],
    [
      0.04292850983592799,
      0.10332371987093034,
      0.3450240210952436,
      0.040476086249936025,
      0.03812367901842634,
      0.09020203487595053,
      0.1012699755630096,
      0.02954280530961858,
      0.08803860740562441,
      0.12107056077533275
    ],
    [
      0.10665075060487997,
      0.38097333688448426,
      0.019478769539901127,
      0.012356296047955935,
      0.06574875324169752,
      0.05725310577173945,
      0.079385579977374,
      0.10245452961902216,
      0.06505487156809443,
      0.11064400674485111
    ],
    [
      0.05016555379894914,
      0.09464059582372833,
      0.15885075240795518,
      0.023339914274427446,
      0.06767859420234416,
      0.35165717896571735,
      0.034083118492446704,
      0.10579736914318492,
      0.06517341214320245,
      0.04861351074804423
    ],
    [
      0.03551281022131184,
      0.04182696476411398,
      0.04655392171408595,
      0.08006840253462989,
      0.0205723702394791,
      0.16884744736818935,
      0.13098390262890203,
      0.3675149202286018,
      0.07896988580192293,
      0.029149374498763238
    ],
    [
      0.04107051948790531,
      0.16230552670386492,
      0.015822288331772176,
      0.042777247331774806,
      0.037461504268258866,
      0.21074001017702468,
      0.0770179973326621,
      0.0145554753922786,
      0.07276326599318554,
      0.325486164981273
    ],
    [
      0.027127205401038718,
      0.19433802780536594,
      0.05081119790697875,
      0.04328208008446302,
      0.03241449011529684,
      0.056585099111240204,
      0.3920470086804016,
      0.0297435647068567,
      0.0678413560060828,
      0.10580997018227538
    ],
    [
      0.014284181563392041,
      0.12842073672493967,
      0.012155962062791799,
      0.11821774707780243,
      0.3750577794230671,
      0.013259520474978184,
      0.0749158735303412,
      0.12023888378463748,
      0.11343534507101838,
      0.0300139702870317
    ],
    [
      0.03519777166970044,
      0.03911394216919656,
      0.04969200852899503,
      0.007371794368682478,
      0.3899201438841953,
      0.23281988453980812,
      0.08618674597813862,
      0.043160847989142444,
      0.03321744642499923,
      0.08331941444714176
    ],
    [
      0.05909991316521615,
      0.05973723053276446,
      0.03924776891743873,
      0.035897290929349505,
      0.08251400815499203,
      0.011958209078173769,
      0.1542444435032828,
      0.3435961921406223,
      0.14091965619493904,
      0.0727852873832212
    ],
    [
      0.35595985540912156,
      0.05681142519352751,
      0.08593050297270731,
      0.09535901425858859,
      0.08248893217157478,
      0.07542057756414883,
      0.015268858267757977,
      0.09372351417172338,
      0.030014774586093043,
      0.1090225454047569
    ],
    [
      0.052142511699944,
      0.43021247212018904,
      0.10227736750921132,
      0.09708559210533207,
      0.06128123042821185,
      0.11574839382856734,
      0.0008596192039196253,
      0.04551391510267989,
      0.07552281689081389,
      0.019356081111130866
    ],
    [
      0.012469609519107803,
      0.01457904582578561,
      0.17448050559264872,
      0.08989130449121126,
      0.4066991035885713,
      0.039889154425773246,
      0.015288870104882816,
      0.032113201654902127,
      0.1556624515168617,
      0.05892675328025542
    ],
    [
      0.06932133839435145,
      0.015978056237062624,
      0.026658480329739897,
      0.06725481428348673,
      0.02281896339088297,
      0.16659164643053437,
      0.09717224840594124,
      0.2971021978734085,
      0.04106985057968846,
      0.1960324040749037
    ],
    [
      0.041516281250886314,
      0.013795713478561704,
      0.06823006807080532,
      0.04715447230671564,
      0.4277313531812824,
      0.11243046269856602,
      0.05657551629460192,
      0.07433030330148802,
      0.11582015165413341,
      0.04241567776295918
    ],
    [
      0.03212747870534748,
      0.06559778933976373,
      0.07159591326511637,
      0.31127169827957585,
      0.0072114512027791535,
      0.13597687902888891,
      0.12313544214476732,
      0.11953841892808993,
      0.11502254932093618,
      0.018522379784735088
    ],
    [
      0.02828610421823059,
      0.02577787361568081,
      0.33190134395417664,
      0.19051441130616606,
      0.023923669904626386,
      0.11015538617749035,
      0.0189272812173138,
      0.04077018163246916,
      0.018047492572892086,
      0.2116962554009542
    ],
    [
      0.036238376476005314,
      0.019909645794464415,
      0.042760787374159004,
      0.20623528112747436,
      0.06725337108459117,
      0.08654709664057808,
      0.019283336363477045,
      0.4471024189037365,
      0.026890867719968646,
      0.04777881851554545
    ],
    [
      0.020777038502515013,
      0.0933875253097285,
      0.0371351719690014,
      0.13267909753979362,
      0.04193019307224741,
      0.19628527191069514,
      0.3958904677556862,
      0.03559712404923227,
      0.01685829354184624,
      0.02945981634925416
    ],
    [
      0.032167914882011754,
      0.10011079719281366,
      0.041497683802184764,
      0.13494708679130749,
      0.0753239508534218,
      0.01212855262992436,
      0.04983085915317926,
      0.03731355251178025,
      0.02075581343828338,
      0.4959237887450934
    ],
    [
      0.044193277940220946,
      0.06898865886042964,
      0.11056036247885886,
      0.1067136825486469,
      0.03664879583113183,
      0.03528760865305271,
      0.09949132349589548,
      0.06211687725879406,
      0.10747857657712717,
      0.32852083635584234
    ],
    [
      0.2617443191760719,
      0.05665493174800902,
      0.3974100116780453,
      0.051372776277643174,
      0.027277844855874613,
      0.012894847650599726,
      0.003944573084973038,
      0.05654509710855767,
      0.04762156191250246,
      0.08453403650772305
    ],
    [
      0.031895253102001045,
      0.10157411841494456,
      0.08219694245105345,
      0.08131416722180332,
      0.007856763719850998,
      0.06736408371685824,
      0.05516741257237165,
      0.1783875047255687,
      0.33221330566478025,
      0.06203044841076777
    ],
    [
      0.009986326270333343,
      0.06765521796523592,
      0.14545068648809448,
      0.1427731022665442,
      0.06502478987494023,
      0.02548742017875826,
      0.010630952798259938,
      0.05464042744351072,
      0.11654998366520758,
      0.3618010930491154
    ],
    [
      0.08107841847274826,
      0.017372164506387986,
      0.010285271956845133,
      0.1266356495364644,
      0.03310577591804094,
      0.14237393791100256,
      0.3557434329621638,
      0.08261007925479022,
      0.020469860944540372,
      0.13032540853701624
    ],
    [
      0.016478580763191947,
      0.1817683103979326,
      0.012016437666283856,
      0.008796876252655494,
      0.06501081118352062,
      0.28085265824729677,
      0.06679720463358844,
      0.1816295141755834,
      0.1593931193022862,
      0.027256487377660663
    ],
    [
      0.10036762535189196,
      0.11137980919661,
      0.052012112624041026,
      0.411124568776722,
      0.02781486976496866,
      0.05910199385984909,
      0.07770008771794132,
      0.03972549136844663,
      0.02354457695830501,
      0.09722886438122431
    ],
    [
      0.1747304058860608,
      0.05944330545283738,
      0.01136791358166697,
      0.011925218714644213,
      0.0759137892770872,
      0.046682748025595674,
      0.30499987485770114,
      0.002259550844307303,
      0.16544882789385595,
      0.14722836546624335
    ],
    [
      0.1161268644830876,
      0.01683606865166452,
      0.16021880809852393,
      0.07429988381620349,
      0.013977027176941497,
      0.0010150996712740951,
      0.06251713422719324,
      0.42366618117997723,
      0.05328660123570379,
      0.07805633145943061
    ],
    [
      0.03169395111109403,
      0.034322813694495156,
      0.01776166024071409,
      0.34375387390547457,
      0.12063042585126042,
      0.04060302018876179,
      0.04683380030450639,
      0.0738405376652454,
      0.12088893061503991,
      0.16967098642340822
    ],
    [
      0.016513800810715306,
      0.02516006764679511,
      0.100140680230677,
      0.15104889513001235,
      0.026955691303783502,
      0.002245983226185074,
      0.3616916749656655,
      0.10612687320879444,
      0.09035333970875441,
      0.11976299376861735
    ],
    [
      0.03654388372571795,
      0.28823549501763623,
      0.010012896654970592,
      0.04764149607332047,
      0.06549420102470636,
      0.16267351819790432,
      0.05127597855050362,
      0.16350951410941367,
      0.07596369986024006,
      0.09864931678558665
    ],
    [
      0.027724637139235023,
      0.012998808359524078,
      0.014789659471729217,
      0.36878795213496207,
      0.01267900258790708,
      0.06680746879547728,
      0.14416227928774242,
      0.06474923778435485,
      0.22537203266318315,
      0.06192892177588474
    ],
    [
      0.14880401384540312,
      0.06909072845136213,
      0.059417521454146825,
      0.023613255891223376,
      0.4366896581309817,
      0.06950458981793442,
      0.011668013899944695,
      0.048343673556848696,
      0.04386871266131331,
      0.08899983229084177
    ],
    [
      0.07634379691885072,
      0.15811807657576196,
      0.3117796465495813,
      0.18749592091064735,
      0.05763582053686588,
      0.04856222306216208,
      0.06505736755776725,
      0.004332595227998135,
      0.08048204447744339,
      0.010192508182921724
    ],
    [
      0.07420552173594748,
      0.11270604300486987,
      0.03991816824423265,
      0.10665691252051693,
      0.35102868402091114,
      0.01665576896785752,
      0.04813022939194156,
      0.08546017152690423,
      0.1077293478787064,
      0.05750915270811219
    ],
    [
      0.0008960793903917984,
      0.07517452020510017,
      0.20010134022902337,
      0.34431635311818637,
      0.09034343099427891,
      0.015228458510093607,
      0.0913011305550392,
      0.05703342384954439,
      0.11621274007848051,
      0.009392523069861653
    ],
    [
      0.0023894729748379457,
      0.013021651084751262,
      0.08355383006999205,
      0.025672624679303053,
      0.42809104372880447,
      0.1315205495054537,
      0.05760474871366004,
      0.07393476894005671,
      0.029621635755703684,
      0.1545896745474373
    ],
    [
      0.2656765915198551,
      0.04055096876664193,
      0.04786418929573216,
      0.034924698263150575,
      0.07026434286691645,
      0.0605010329417009,
      0.25170232582793683,
      0.08790746884734672,
      0.04819258116208167,
      0.09241580050863767
    ],
    [
      0.2168452916088016,
      0.037023808976322216,
      0.07686972513221474,
      0.3043119248079532,
      0.07926676472955241,
      0.08524261775458361,
      0.0194432096503818,
      0.02936515240076346,
      0.10066982178206925,
      0.0509616831573578
    ],
    [
      0.1084856698415767,
      0.03382477056901224,
      0.01372254696072507,
      0.12228416255182772,
      0.15966116758757656,
      0.03336747335573743,
      0.31057126495194004,
      0.12171094362788017,
      0.0767490421286032,
      0.01962295842512085
    ],
    [
      0.039769778629203785,
      0.11527131674648394,
      0.28638910606669626,
      0.08518608221200356,
      0.1642889361865135,
      0.06128161801914195,
      0.0465915963265986,
      0.022177691590019935,
      0.017440224125373015,
      0.1616036500979655
    ],
    [
      0.06596851938675938,
      0.3922170571410283,
      0.011153706755173146,
      0.10767030268016578,
      0.0140486875145126,
      0.11534051306561718,
      0.015012168252329646,
      0.12822161322186432,
      0.13119138384314558,
      0.01917604813940404
    ],
    [
      0.5012048640805258,
      0.013705048361337551,
      0.036355775829552024,
      0.04380756124557129,
      0.14758968868073608,
      0.013694760800639146,
      0.06360828064791539,
      0.07867772745404528,
      0.0605436083600274,
      0.040812684539650035
    ],
    [
      0.06799454646021028,
      0.04706027276027304,
      0.29895332586434326,
      0.044038762972755614,
      0.19569018126484944,
      0.05344911641332119,
      0.05114974720529724,
      0.11544258972548524,
      0.06026309637449647,
      0.0659583609589684
    ],
    [
      0.0030438155950789888,
      0.16022364425915428,
      0.14158199092716792,
      0.2873723826553216,
      0.0789305288380919,
      0.07845321200861713,
      0.053686672707540156,
      0.005036202301652937,
      0.1113617854723954,
      0.08030976523497967
    ],
    [
      0.09564290316742519,
      0.0037011906543926113,
      0.02163315907468623,
      0.054936784919595465,
      0.07659554857958513,
      0.07786473252386998,
      0.0195998636687487,
      0.016157566356218418,
      0.5237785957604113,
      0.11008965529506702
    ],
    [
      0.3254411012454213,
      0.006384780848838017,
      0.12271277413988084,
      0.16467422550787997,
      0.008608030416716254,
      0.035766506461559294,
      0.22208140211758057,
      0.026541194481445263,
      0.083189657395038,
      0.004600327385640611
    ],
    [
      0.009913636231983406,
      0.024634998990512396,
      0.019061137655448455,
      0.0788326210492677,
      0.10258986026573738,
      0.1481773136391484,
      0.39417396902388113,
      0.018480417898634936,
      0.13992670776409,
      0.06420933748129631
    ],
    [
      0.18024382840633119,
      0.04817255941448006,
      0.03705579392201924,
      0.06917054649595063,
      0.050719895224491274,
      0.0203242387533506,
      0.1425241820132817,
      0.4060272344111222,
      0.034771040602261674,
      0.010990680756711427
    ],
    [
      0.11739389302652792,
      0.11975283695805959,
      0.04425297229260233,
      0.07276618085498038,
      0.03714231437157435,
      0.13569134995695825,
      0.002600764223078174,
      0.12614414632350557,
      0.02594346483134813,
      0.31831207716136534
    ],
    [
      0.011087959546101046,
      0.026133527576288958,
      0.28165245097922004,
      0.18624634520662772,
      0.0543159465212462,
      0.07311775829022321,
      0.156421336471235,
      0.01452422064540167,
      0.051013839723869206,
      0.145486615039787
    ],
    [
      0.11167302004078944,
      0.12778376691839013,
      0.03498987999087287,
      0.04687194560178429,
      0.013215651284275563,
      0.028016328578439456,
      0.014860511039116456,
      0.20662433317745543,
      0.3755683517217747,
      0.04039621164710162
    ],
    [
      0.06048387550825686,
      0.34017329084895875,
      0.0332909114622032,
      0.022460306345256947,
      0.003529137385758153,
      0.1201982459891624,
      0.19922456721893256,
      0.12690559012078723,
      0.011306134702036775,
      0.0824279404186471
    ],
    [
      0.16009327263233913,
      0.15317592463941637,
      0.03582416467101361,
      0.01088753347853783,
      0.07778768587039268,
      0.07252203945223332,
      0.041368811288043233,
      0.3826538841973161,
      0.04965338095376668,
      0.016033302816941063
    ],
    [
      0.041354341439871656,
      0.005934482949636031,
      0.06113468319534803,
      0.3689191453922718,
      0.3116435587094989,
      0.06988714726834173,
      0.02997633168658295,
      0.012669171477743837,
      0.08171670446571576,
      0.01676443341498941
    ],
    [
      0.0429590980170909,
      0.3854984958350004,
      0.14288818483322246,
      0.05413986929226364,
      0.04338310029420556,
      0.04992707666876975,
      0.07516151852710304,
      0.03152765121333388,
      0.12486420744598753,
      0.049650797873022824
    ],
    [
      0.07548806093555534,
      0.32200527220550673,
      0.05178736697016063,
      0.05032745910785112,
      0.16731689378592984,
      0.1253225681517446,
      0.016686382977376627,
      0.034436365119182966,
      0.03902807317625149,
      0.11760155757044072
    ],
    [
      0.05547588763042359,
      0.021078911761986292,
      0.07980849677464934,
      0.1757672927746536,
      0.08870351052538458,
      0.07911864564780184,
      0.013603956711895526,
      0.028107072230978237,
      0.4184066615556411,
      0.039929564386585854
    ],
    [
      0.047980399297858724,
      0.09728361021384689,
      0.06389482802865641,
      0.10694380102740747,
      0.056006542380284956,
      0.06601190171633727,
      0.09145947774339952,
      0.015036938008800373,
      0.39016494972669,
      0.06521755185671833
    ],
    [
      0.019003970772320838,
      0.06596884605652793,
      0.051294513560778104,
      0.37598369486292055,
      0.04135719393980502,
      0.03954827322148046,
      0.2505652338017223,
      0.014167277668813318,
      0.052643391229535465,
      0.08946760488609602
    ],
    [
      0.04240458736513522,
      0.06857137136582427,
      0.08496551883737659,
      0.025921783733167055,
      0.06181886868893119,
      0.04906891558483084,
      0.0519182948331167,
      0.35370177835193156,
      0.05619658877158941,
      0.20543229246809724
    ],
    [
      0.09539573611899663,
      0.24268493248510992,
      0.08724646764015674,
      0.10319062815357219,
      0.020238505491429463,
      0.004843903966980068,
      0.33143868315890407,
      0.021362564884730605,
      0.003757448615996798,
      0.08984112948412347
    ],
    [
      0.09597908365135975,
      0.11736709664139403,
      0.0535184201501324,
      0.06393766121897734,
      0.2031589956822592,
      0.3320456786305969,
      0.048633609226892194,
      0.05931698903156492,
      0.014697996278305347,
      0.01134446948851775
    ],
    [
      0.09623004000040779,
      0.0952245905057094,
      0.05807690826324125,
      0.06381639130346266,
      0.4140398805654586,
      0.04033268044762823,
      0.015860032380153502,
      0.0380868423040922,
      0.06437522276317754,
      0.11395741146666882
    ],
    [
      0.33961574904309694,
      0.02955364254955739,
      0.2222687072197158,
      0.08558700968488496,
      0.05040603761045174,
      0.018891533077746808,
      0.10122257538177616,
      0.006067359547766407,
      0.11565742638512894,
      0.03072995949987474
    ],
    [
      0.020689294203416555,
      0.03413011258399049,
      0.06284515196732265,
      0.1352483142534046,
      0.00799591325161406,
      0.08239987068731958,
      0.06575478085820134,
      0.4501929440644424,
      0.04790687962770354,
      0.0928367385025847
    ],
    [
      0.0485958984919718,
      0.11495971018713005,
      0.052067501252693514,
      0.030793359316179002,
      0.007715258149232758,
      0.14090225485144342,
      0.02794253694495306,
      0.36890585194509906,
      0.025507857681357448,
      0.18260977117994
    ],
    [
      0.10828187424254943,
      0.02908970649842808,
      0.0012838207221941413,
      0.07351488100383283,
      0.08929335916606668,
      0.36095305921425574,
      0.024266917979862787,
      0.13722540849607787,
      0.10550264632313804,
      0.0705883263535944
    ],
    [
      0.11685170738874677,
      0.09059376460654424,
      0.062095039368973315,
      0.05405755657604149,
      0.0619209780931837,
      0.07095651960633374,
      0.06684160399663006,
      0.07154388303964787,
      0.3396699775776112,
      0.0654689697462876
    ],
    [
      0.1498260028222351,
      0.09804752704542603,
      0.12146412188616389,
      0.11459553767754499,
      0.005950871255087866,
      0.08998327869454177,
      0.08964177025764099,
      0.030504749987757256,
      0.03741075727486826,
      0.26257538309873385
    ],
    [
      0.029030011468198107,
      0.17406192893617403,
      0.10391324844936024,
      0.05908337603684172,
      0.1724151397349937,
      0.05129443038441793,
      0.024862577104090233,
      0.02572965636995625,
      0.3178273020911926,
      0.041782329424775264
    ],
    [
      0.10140858366037203,
      0.1148037185033738,
      0.09946780471397913,
      0.39597903242668375,
      0.08515008169776893,
      0.05523264825648629,
      0.012201845398677124,
      0.0865590567907911,
      0.031319670427262726,
      0.017877558124605102
    ],
    [
      0.01951204276651343,
      0.009269095711906584,
      0.055625201043638293,
      0.13515051174924653,
      0.4755188121768375,
      0.06040097186195416,
      0.0087135769470042,
      0.11252888868251727,
      0.014303522588887679,
      0.10897737647149429
    ],
    [
      0.04553684032888438,
      0.053646321828147804,
      0.024949694370580828,
      0.4449162932850185,
      0.11417369947293449,
      0.08846611189008032,
      0.11078855596547148,
      0.036648404048162594,
      0.020745941366702533,
      0.060128137444017134
    ],
    [
      0.011070769151447927,
      0.03643497056992427,
      0.1412044226166888,
      0.4266545055846994,
      0.01939390205538109,
      0.08707024618925917,
      0.01421330686299715,
      0.0815493081228708,
      0.10123841759747591,
      0.08117015124925545
    ],
    [
      0.12657944588682146,
      0.12275216932380552,
      0.02925881503960109,
      0.034422998876207624,
      0.17582455206813707,
      0.03595556712830463,
      0.34947412354371926,
      0.02758663360533745,
      0.04619531880013634,
      0.051950375727929446
    ],
    [
      0.0834872081152185,
      0.030460091915968115,
      0.06349593755195418,
      0.04929662109398241,
      0.08716850574176775,
      0.4172024036283582,
      0.08629186121555621,
      0.04363757322797994,
      0.09081937078134569,
      0.048140426727869015
    ],
    [
      0.04513194344311594,
      0.12722020590464247,
      0.07746113733729314,
      0.06027176849456044,
      0.05434612949650854,
      0.1064407398385767,
      0.05553892798852482,
      0.4320454683473139,
      0.009762987674041455,
      0.03178069147542255
    ],
    [
      0.013417931565067808,
      0.10936723363320267,
      0.4090908876778361,
      0.06501074318613004,
      0.016303619129430694,
      0.052672888057887786,
      0.11903616798038925,
      0.021201115105290554,
      0.10228628243825531,
      0.09161313122650995
    ],
    [
      0.020911327685025058,
      0.05395205872167755,
      0.00823752804055604,
      0.14026098934566986,
      0.08126638793617882,
      0.14223295821363016,
      0.11319530404056397,
      0.045274423758113344,
      0.3635453871790738,
      0.03112363507951146
    ],
    [
      0.018624105425141712,
      0.03148019909286848,
      0.22747826716775094,
      0.011771559610279952,
      0.059765995562039556,
      0.07420946476285546,
      0.07357134941009151,
      0.41671900551924046,
      0.015210126022788172,
      0.07116992742694365
    ],
    [
      0.10094270439250412,
      0.039551337894950474,
      0.05395859574594015,
      0.0007857886818428928,
      0.23454253301868838,
      0.1268923341140573,
      0.016134710982942398,
      0.02490746001317058,
      0.07189113676743868,
      0.33039339838846504
    ],
    [
      0.1513873253847362,
      0.04511852640600906,
      0.1795208010847591,
      0.13512009790708845,
      0.04427396864691807,
      0.058785337628238205,
      0.1586451676618476,
      0.052025092609901374,
      0.13093408621382877,
      0.04418959645667314
    ],
    [
      0.040080013892014967,
      0.09992779545958189,
      0.010491538762805773,
      0.05994217212157782,
      0.3427949304228634,
      0.09714229490520142,
      0.018812710599056252,
      0.1389132941128817,
      0.011848108379076093,
      0.18004714134494082
    ]
  ]
}